J_APD = -34039.304166111404
J_SPD = -42379.75714490295

theta2ct = lambda x: 0.04671507721232655*x + 0.556385777642963
CT_SPD = 0.7618947861140127
