J_BT = -4155.41261112897
J_APD = -4285.750691104353
J_SPD = -4232.600129149779

tsr2ct = lambda x: 0.006097473080710102*x**3 + -0.07671203346503694*x**2 + 0.3391656315549764*x + 0.1526154540507058
theta2ct = lambda x: 0.004629647305147862*x + 0.5236428162847817
